Initial claim policy with roll 1: 0.00 0.00 0.00 0.00 0.39 0.20 0.16 0.01 0.03 0.09 0.09 0.04 0.00 
Initial claim policy with roll 2: 0.00 0.00 0.00 0.00 0.36 0.16 0.08 0.20 0.11 0.04 0.03 0.02 0.00 
Initial claim policy with roll 3: 0.00 0.00 0.00 0.00 0.07 0.09 0.53 0.04 0.22 0.01 0.03 0.01 0.00 
Initial claim policy with roll 4: 0.00 0.00 0.00 0.00 0.13 0.57 0.07 0.10 0.06 0.04 0.03 0.00 0.00 
Initial claim policy with roll 5: 0.00 0.00 0.00 0.00 0.41 0.14 0.01 0.27 0.00 0.13 0.02 0.02 0.00 
Initial claim policy with roll 6: 0.00 0.00 0.00 0.00 0.00 1.00 0.00 0.00 0.00 0.00 0.00 0.00 0.00 
Initial claim policy with roll 7: 0.00 0.00 0.00 0.00 0.00 0.00 1.00 0.00 0.00 0.00 0.00 0.00 0.00 
Initial claim policy with roll 8: 0.00 0.00 0.00 0.00 0.00 0.00 0.00 1.00 0.00 0.00 0.00 0.00 0.00 
Initial claim policy with roll 9: 0.00 0.00 0.00 0.00 0.00 0.00 0.00 0.00 1.00 0.00 0.00 0.00 0.00 
Initial claim policy with roll 10: 0.00 0.00 0.00 0.00 0.00 0.00 0.00 0.00 0.00 1.00 0.00 0.00 0.00 
Initial claim policy with roll 11: 0.00 0.00 0.00 0.00 0.00 0.00 0.00 0.00 0.00 0.00 1.00 0.00 0.00 
Initial claim policy with roll 12: 0.00 0.00 0.00 0.00 0.00 0.00 0.00 0.00 0.00 0.00 0.00 1.00 0.00 
Initial claim policy with roll 13: 0.00 0.00 0.00 0.00 0.00 0.00 0.00 0.00 0.00 0.00 0.00 0.00 1.00 
 Old Claim  New Claim      Doubt     Accept 
	0	1	       0.5        0.5 
	0	2	       0.5        0.5 
	0	3	       0.5        0.5 
	0	4	       0.5        0.5 
	0	5	      0.01       0.99 
	0	6	      0.17       0.83 
	0	7	      0.29       0.71 
	0	8	      0.37       0.63 
	0	9	      0.45       0.55 
	0	10	      0.51       0.49 
	0	11	      0.55       0.45 
	0	12	      0.58       0.42 
	0	13	         1 
	1	2	       0.5        0.5 
	1	3	       0.5        0.5 
	1	4	       0.5        0.5 
	1	5	       0.5        0.5 
	1	6	       0.5        0.5 
	1	7	       0.5        0.5 
	1	8	       0.5        0.5 
	1	9	       0.5        0.5 
	1	10	       0.5        0.5 
	1	11	       0.5        0.5 
	1	12	       0.5        0.5 
	1	13	         1 
	2	3	       0.5        0.5 
	2	4	       0.5        0.5 
	2	5	       0.5        0.5 
	2	6	       0.5        0.5 
	2	7	       0.5        0.5 
	2	8	       0.5        0.5 
	2	9	       0.5        0.5 
	2	10	       0.5        0.5 
	2	11	       0.5        0.5 
	2	12	       0.5        0.5 
	2	13	         1 
	3	4	       0.5        0.5 
	3	5	       0.5        0.5 
	3	6	       0.5        0.5 
	3	7	       0.5        0.5 
	3	8	       0.5        0.5 
	3	9	       0.5        0.5 
	3	10	       0.5        0.5 
	3	11	       0.5        0.5 
	3	12	       0.5        0.5 
	3	13	         1 
	4	5	       0.5        0.5 
	4	6	       0.5        0.5 
	4	7	       0.5        0.5 
	4	8	       0.5        0.5 
	4	9	       0.5        0.5 
	4	10	       0.5        0.5 
	4	11	       0.5        0.5 
	4	12	       0.5        0.5 
	4	13	         1 
	5	6	         1     0.0021 
	5	7	         1          0 
	5	8	         1      0.001 
	5	9	         1          0 
	5	10	         1          0 
	5	11	         1    0.00096 
	5	12	         1     0.0005 
	5	13	         1 
	6	7	         1          0 
	6	8	         1          0 
	6	9	         1          0 
	6	10	         1          0 
	6	11	         1          0 
	6	12	         1          0 
	6	13	         1 
	7	8	         1          0 
	7	9	         1          0 
	7	10	         1          0 
	7	11	         1          0 
	7	12	         1          0 
	7	13	         1 
	8	9	         1          0 
	8	10	         1          0 
	8	11	         1          0 
	8	12	         1          0 
	8	13	         1 
	9	10	         1          0 
	9	11	         1          0 
	9	12	         1          0 
	9	13	         1 
	10	11	         1          0 
	10	12	         1          0 
	10	13	         1 
	11	12	         1          0 
	11	13	         1 
	12	13	         1 
 Old Claim       Roll Action Probablities 

Old Claim	Roll	Action Probabilities
0	1	         0          0          0          0       0.39        0.2       0.16      0.006      0.032      0.091       0.09      0.036          0 
0	2	         0          0          0          0       0.36       0.16       0.08        0.2       0.11      0.036       0.03      0.024          0 
0	3	         0          0          0          0      0.074      0.091       0.53      0.039       0.22     0.0058      0.026      0.012          0 
0	4	         0          0          0          0       0.13       0.57      0.069      0.099      0.061      0.038      0.026          0          0 
0	5	         0          0          0          0       0.41       0.14      0.011       0.27    0.00085       0.13      0.018      0.017          0 
0	6	         0          0          0          0          0          1          0          0          0          0          0          0          0 
0	7	         0          0          0          0          0          0          1          0          0          0          0          0          0 
0	8	         0          0          0          0          0          0          0          1          0          0          0          0          0 
0	9	         0          0          0          0          0          0          0          0          1          0          0          0          0 
0	10	         0          0          0          0          0          0          0          0          0          1          0          0          0 
0	11	         0          0          0          0          0          0          0          0          0          0          1          0          0 
0	12	         0          0          0          0          0          0          0          0          0          0          0          1          0 
0	13	         0          0          0          0          0          0          0          0          0          0          0          0          1 
1	1	     0.083      0.083      0.083      0.083      0.083      0.083      0.083      0.083      0.083      0.083      0.083      0.083 
1	2	     0.083      0.083      0.083      0.083      0.083      0.083      0.083      0.083      0.083      0.083      0.083      0.083 
1	3	     0.083      0.083      0.083      0.083      0.083      0.083      0.083      0.083      0.083      0.083      0.083      0.083 
1	4	     0.083      0.083      0.083      0.083      0.083      0.083      0.083      0.083      0.083      0.083      0.083      0.083 
1	5	     0.083      0.083      0.083      0.083      0.083      0.083      0.083      0.083      0.083      0.083      0.083      0.083 
1	6	     0.083      0.083      0.083      0.083      0.083      0.083      0.083      0.083      0.083      0.083      0.083      0.083 
1	7	     0.083      0.083      0.083      0.083      0.083      0.083      0.083      0.083      0.083      0.083      0.083      0.083 
1	8	     0.083      0.083      0.083      0.083      0.083      0.083      0.083      0.083      0.083      0.083      0.083      0.083 
1	9	     0.083      0.083      0.083      0.083      0.083      0.083      0.083      0.083      0.083      0.083      0.083      0.083 
1	10	     0.083      0.083      0.083      0.083      0.083      0.083      0.083      0.083      0.083      0.083      0.083      0.083 
1	11	     0.083      0.083      0.083      0.083      0.083      0.083      0.083      0.083      0.083      0.083      0.083      0.083 
1	12	     0.083      0.083      0.083      0.083      0.083      0.083      0.083      0.083      0.083      0.083      0.083      0.083 
1	13	     0.083      0.083      0.083      0.083      0.083      0.083      0.083      0.083      0.083      0.083      0.083      0.083 
2	1	     0.091      0.091      0.091      0.091      0.091      0.091      0.091      0.091      0.091      0.091      0.091 
2	2	     0.091      0.091      0.091      0.091      0.091      0.091      0.091      0.091      0.091      0.091      0.091 
2	3	     0.091      0.091      0.091      0.091      0.091      0.091      0.091      0.091      0.091      0.091      0.091 
2	4	     0.091      0.091      0.091      0.091      0.091      0.091      0.091      0.091      0.091      0.091      0.091 
2	5	     0.091      0.091      0.091      0.091      0.091      0.091      0.091      0.091      0.091      0.091      0.091 
2	6	     0.091      0.091      0.091      0.091      0.091      0.091      0.091      0.091      0.091      0.091      0.091 
2	7	     0.091      0.091      0.091      0.091      0.091      0.091      0.091      0.091      0.091      0.091      0.091 
2	8	     0.091      0.091      0.091      0.091      0.091      0.091      0.091      0.091      0.091      0.091      0.091 
2	9	     0.091      0.091      0.091      0.091      0.091      0.091      0.091      0.091      0.091      0.091      0.091 
2	10	     0.091      0.091      0.091      0.091      0.091      0.091      0.091      0.091      0.091      0.091      0.091 
2	11	     0.091      0.091      0.091      0.091      0.091      0.091      0.091      0.091      0.091      0.091      0.091 
2	12	     0.091      0.091      0.091      0.091      0.091      0.091      0.091      0.091      0.091      0.091      0.091 
2	13	     0.091      0.091      0.091      0.091      0.091      0.091      0.091      0.091      0.091      0.091      0.091 
3	1	       0.1        0.1        0.1        0.1        0.1        0.1        0.1        0.1        0.1        0.1 
3	2	       0.1        0.1        0.1        0.1        0.1        0.1        0.1        0.1        0.1        0.1 
3	3	       0.1        0.1        0.1        0.1        0.1        0.1        0.1        0.1        0.1        0.1 
3	4	       0.1        0.1        0.1        0.1        0.1        0.1        0.1        0.1        0.1        0.1 
3	5	       0.1        0.1        0.1        0.1        0.1        0.1        0.1        0.1        0.1        0.1 
3	6	       0.1        0.1        0.1        0.1        0.1        0.1        0.1        0.1        0.1        0.1 
3	7	       0.1        0.1        0.1        0.1        0.1        0.1        0.1        0.1        0.1        0.1 
3	8	       0.1        0.1        0.1        0.1        0.1        0.1        0.1        0.1        0.1        0.1 
3	9	       0.1        0.1        0.1        0.1        0.1        0.1        0.1        0.1        0.1        0.1 
3	10	       0.1        0.1        0.1        0.1        0.1        0.1        0.1        0.1        0.1        0.1 
3	11	       0.1        0.1        0.1        0.1        0.1        0.1        0.1        0.1        0.1        0.1 
3	12	       0.1        0.1        0.1        0.1        0.1        0.1        0.1        0.1        0.1        0.1 
3	13	       0.1        0.1        0.1        0.1        0.1        0.1        0.1        0.1        0.1        0.1 
4	1	      0.11       0.11       0.11       0.11       0.11       0.11       0.11       0.11       0.11 
4	2	      0.11       0.11       0.11       0.11       0.11       0.11       0.11       0.11       0.11 
4	3	      0.11       0.11       0.11       0.11       0.11       0.11       0.11       0.11       0.11 
4	4	      0.11       0.11       0.11       0.11       0.11       0.11       0.11       0.11       0.11 
4	5	      0.11       0.11       0.11       0.11       0.11       0.11       0.11       0.11       0.11 
4	6	      0.11       0.11       0.11       0.11       0.11       0.11       0.11       0.11       0.11 
4	7	      0.11       0.11       0.11       0.11       0.11       0.11       0.11       0.11       0.11 
4	8	      0.11       0.11       0.11       0.11       0.11       0.11       0.11       0.11       0.11 
4	9	      0.11       0.11       0.11       0.11       0.11       0.11       0.11       0.11       0.11 
4	10	      0.11       0.11       0.11       0.11       0.11       0.11       0.11       0.11       0.11 
4	11	      0.11       0.11       0.11       0.11       0.11       0.11       0.11       0.11       0.11 
4	12	      0.11       0.11       0.11       0.11       0.11       0.11       0.11       0.11       0.11 
4	13	      0.11       0.11       0.11       0.11       0.11       0.11       0.11       0.11       0.11 
5	1	      0.22       0.32      0.029          0       0.16       0.17      0.095          0 
5	2	      0.15       0.28      0.045      0.022       0.31       0.19          0          0 
5	3	       0.2          0       0.26       0.52          0      0.026          0          0 
5	4	      0.28       0.11       0.16      0.065        0.2     0.0043       0.18          0 
5	5	      0.17      0.012          0       0.46     0.0039       0.35          0          0 
5	6	         1          0          0          0          0          0          0          0 
5	7	         0          1          0          0          0          0          0          0 
5	8	         0      0.013       0.99          0          0          0          0          0 
5	9	         0          0          0          1          0          0          0          0 
5	10	         0          0          0          0          1          0          0          0 
5	11	         0          0          0          0       0.45       0.55          0          0 
5	12	         0          0          0          0          0          0          1          0 
5	13	         0          0          0          0          0          0          0          1 
6	1	     0.035      0.037       0.75          0          0       0.18          0 
6	2	     0.024          0       0.33       0.37       0.28          0          0 
6	3	      0.74       0.26          0          0          0          0          0 
6	4	         1          0          0          0          0          0          0 
6	5	      0.44       0.33       0.24          0          0          0          0 
6	6	      0.27       0.35       0.37          0          0          0          0 
6	7	         1          0          0          0          0          0          0 
6	8	         0          1          0          0          0          0          0 
6	9	         0          0          1          0          0          0          0 
6	10	         0          0       0.43       0.57          0          0          0 
6	11	         0          0       0.33       0.26       0.41          0          0 
6	12	         0          0          0          0        0.6        0.4          0 
6	13	         0          0          0          0          0       0.15       0.85 
7	1	         0          0          1          0          0          0 
7	2	      0.84       0.16          0          0          0          0 
7	3	         0      0.079          0       0.44       0.48          0 
7	4	         0       0.58          0          0       0.42          0 
7	5	         1          0          0          0          0          0 
7	6	      0.55          0          0       0.45          0          0 
7	7	      0.24       0.18       0.58          0          0          0 
7	8	         1          0          0          0          0          0 
7	9	      0.23       0.77          0          0          0          0 
7	10	         0          0          1          0          0          0 
7	11	         0          0       0.27       0.73          0          0 
7	12	         0      0.086       0.19       0.73          0          0 
7	13	         0          0       0.01          0       0.49       0.49 
8	1	       0.2        0.2        0.2        0.2        0.2 
8	2	     0.099       0.12       0.19       0.59          0 
8	3	         0          0          1          0          0 
8	4	       0.2        0.2        0.2        0.2        0.2 
8	5	       0.2        0.2        0.2        0.2        0.2 
8	6	       0.2        0.2        0.2        0.2        0.2 
8	7	       0.2        0.2        0.2        0.2        0.2 
8	8	       0.2        0.2        0.2        0.2        0.2 
8	9	         1          0          0          0          0 
8	10	       0.5        0.5          0          0          0 
8	11	      0.33       0.33       0.33          0          0 
8	12	      0.25       0.25       0.25       0.25          0 
8	13	       0.2        0.2        0.2        0.2        0.2 
9	1	      0.25       0.25       0.25       0.25 
9	2	      0.25       0.25       0.25       0.25 
9	3	      0.25       0.25       0.25       0.25 
9	4	      0.25       0.25       0.25       0.25 
9	5	      0.25       0.25       0.25       0.25 
9	6	      0.25       0.25       0.25       0.25 
9	7	      0.25       0.25       0.25       0.25 
9	8	      0.15       0.22       0.63          0 
9	9	      0.25       0.25       0.25       0.25 
9	10	         1          0          0          0 
9	11	       0.5        0.5          0          0 
9	12	      0.33       0.33       0.33          0 
9	13	      0.25       0.25       0.25       0.25 
10	1	      0.33       0.33       0.33 
10	2	      0.33       0.33       0.33 
10	3	      0.29       0.71          0 
10	4	      0.33       0.33       0.33 
10	5	      0.33       0.33       0.33 
10	6	      0.33       0.33       0.33 
10	7	      0.33       0.33       0.33 
10	8	      0.33       0.33       0.33 
10	9	      0.33       0.33       0.33 
10	10	      0.33       0.33       0.33 
10	11	         1          0          0 
10	12	       0.5        0.5          0 
10	13	      0.33       0.33       0.33 
11	1	       0.5        0.5 
11	2	       0.5        0.5 
11	3	       0.5        0.5 
11	4	         1          0 
11	5	       0.5        0.5 
11	6	       0.5        0.5 
11	7	       0.5        0.5 
11	8	       0.5        0.5 
11	9	       0.5        0.5 
11	10	       0.5        0.5 
11	11	       0.5        0.5 
11	12	         1          0 
11	13	       0.5        0.5 
12	1	         1 
12	2	         1 
12	3	         1 
12	4	         1 
12	5	         1 
12	6	         1 
12	7	         1 
12	8	         1 
12	9	         1 
12	10	         1 
12	11	         1 
12	12	         1 
12	13	         1 
